road_beacon 0 0 1.3028832629883162 1445.8121918900656 629.6565732314298 1499.3205343423097 704.2663273539213 1.4950375583697566 0.9015953532435073 0.507192136823168 10.785785573123626 2.912733264043895 20.331683616239506 1.8053387770895015
road_beacon 0 0 1.4165882695448275 1312.1260773507759 623.7837092876719 1358.0333390236797 693.7682149812742 1.4950375583697566 0.9015953532435073 0.507192136823168 8.367306835335535 2.865786082941185 21.593192044349816 1.8053387770895015
road_beacon 0 0 1.5560983553648726 1155.1958355878794 621.2307439971536 1194.3499726180748 687.0705560303613 1.4950375583697566 0.9015953532435073 0.507192136823168 5.0650169778382 2.886151864369712 22.903134073663995 1.8053387770895015
road_beacon 0 0 -0.7129003264102767 373.354368740649 616.2144129858485 445.89702192558616 745.9836685466814 1.4950375583697566 0.9015953532435073 0.507192136823168 -6.892055838338693 2.1778970742614465 12.012710262028968 -0.1712360131903197
road_beacon 0 0 -0.8240538942178902 202.97812188443135 622.9013787875347 308.99902553036713 787.1658149726818 1.4950375583697566 0.9015953532435073 0.507192136823168 -7.054218618172929 2.11790062776495 9.632107546409635 -0.1712360131903197
road_beacon 0 0 -0.4400102546985186 701.9504684372581 599.4925884660984 721.801918816689 651.2755182757019 1.4950375583697566 0.9015953532435073 0.507192136823168 -7.569695623756792 2.597499779801351 29.05528025378332 -0.1712360131903197
road_beacon 0 0 -2.3850637109263193 81.63941809102054 628.5816011417396 233.10711989712556 808.7057779013411 1.4950375583697566 0.9015953532435073 0.507192136823168 -7.121908121098831 2.0901335420869676 8.528738316744423 -1.6689206425625651
road_beacon 0 0 -0.6877762736141917 407.15564895263395 611.8987932236525 467.2522685030015 721.838784501234 1.4950375583697566 0.9015953532435073 0.507192136823168 -7.665678417373623 2.2244038711720444 14.053196655591385 -0.1712360131903197
road_beacon 0 0 -0.4726537706768512 666.0781300582613 600.1493582654319 688.4318780394917 655.3201594747435 1.4950375583697566 0.9015953532435073 0.507192136823168 -8.098857992377576 2.551368988403972 27.312619272848764 -0.1712360131903197
road_beacon 0 0 -0.9751262335545926 0.0 629.9717485210563 74.34120680188182 827.8956991542649 1.4950375583697566 0.9015953532435073 0.507192136823168 -7.877867250797518 2.0691852802985866 7.8492772313355985 -0.1712360131903197
road_beacon 0 0 -0.6641282142486167 438.33872886461967 609.2053272971259 490.32235535923695 706.8291203323265 1.4950375583697566 0.9015953532435073 0.507192136823168 -8.144150114373247 2.263661718012158 15.737756677222352 -0.1712360131903197
road_beacon 0 0 -0.4968969624605605 638.3850819673546 599.4788106506986 660.8538163668923 652.5304301207108 1.4950375583697566 0.9015953532435073 0.507192136823168 -9.229143262402712 2.571584121910912 28.371848090159098 -0.1712360131903197
barrier 0 0 -1.2229621244914965 147.09415406587928 620.1911761162316 358.89113642823503 722.810506320097 1.3038149104736676 0.8982368765269273 2.51134275829305 -10.610525697690273 2.219132098195101 14.516151947862094 -0.5815369590306583
