barrier 0 0 1.1378236536082138 1397.9867696228773 625.2212842376936 1527.4041119124702 726.4119793775388 1.3196683903774928 0.9074771537339258 2.486288109914222 7.941051889521598 2.3865889258328936 15.414767126101163 1.6313460666507251
barrier 0 0 1.0666959368875037 1468.7650875791835 631.6476415338711 1640.362759800507 755.2277476517675 1.3196683903774928 0.9074771537339258 2.486288109914222 7.888744718876379 2.325931662281375 12.983719184934492 1.6313460666507251
barrier 0 0 0.9752996665212642 1566.562712175379 640.4612200014753 1808.2986015402073 797.8227425302794 1.3196683903774928 0.9074771537339258 2.486288109914222 7.847247045063165 2.2667763511032053 10.610802672860645 1.6313460666507251
barrier 0 0 1.1904523649298244 1347.8376946184965 620.6738096037934 1451.4849046850713 707.0646888840168 1.3196683903774928 0.9074771537339258 2.486288109914222 7.988972420187085 2.4437179750920537 17.704701429376247 1.6313460666507251
barrier 0 0 0.8927205911102988 1475.7716524652426 650.1410753825228 1780.4342839161072 853.708849180656 1.3196683903774928 0.9074771537339258 2.486288109914222 5.770738695974956 2.2058292759763023 8.607307463049015 1.5152647207954795
barrier 0 0 0.5593044277680954 1322.7783524041704 637.839192685585 1576.6921469583638 790.5286111823344 1.3196683903774928 0.9074771537339258 2.486288109914222 5.428283663447551 2.2615467514178205 10.925109783287128 1.0530895072142996
road_beacon 0 0 -0.8304616197836656 1436.7746840927828 643.049406545096 1560.6462107827697 825.4131630065446 1.4950375583697566 0.9015953532435073 0.507192136823168 4.923431912387488 2.2668602900601433 8.862353358885857 -0.28155555704617674
barrier 0 0 1.1347561641242327 1242.8779228871947 630.1698539100177 1384.8093819451926 752.270631189119 1.3196683903774928 0.9074771537339258 2.486288109914222 4.698666298585211 2.311404051597166 13.090957530195118 1.5152647207954795
barrier 0 0 0.998772899830092 1180.1780982495154 624.6009639121028 1316.6687049955285 728.6228434939452 1.3196683903774928 0.9074771537339258 2.486288109914222 4.423902105268045 2.3603276162147955 15.120511396237188 1.3189759862162866
barrier 0 0 1.061013609116631 1128.6981762645828 619.3203202250503 1236.7342921298111 705.7142495851 1.3196683903774928 0.9074771537339258 2.486288109914222 4.015011512592156 2.424073707849691 17.776005879242913 1.3189759862162866
road_beacon 0 0 -0.594334024607253 1198.9280918544312 621.8295192635015 1261.1793026606958 729.1717691171282 1.4950375583697566 0.9015953532435073 0.507192136823168 4.029170735971768 2.4021840131874894 14.505278596511994 -0.28155555704617674
barrier 0 0 1.1091327648640872 1086.650066337646 615.7339553480896 1176.6564523792651 690.939337074881 1.3196683903774928 0.9074771537339258 2.486288109914222 3.4898412474010096 2.4789369355188042 20.09905798890399 1.3189759862162866
barrier 0 0 1.1420667948308258 1059.2403591240081 612.7490471841282 1136.1769833547894 678.9005487227465 1.3196683903774928 0.9074771537339258 2.486288109914222 3.132542141870309 2.537901559519683 22.55082946626367 1.3189759862162866
barrier 0 0 1.169297278347811 1035.8589222878456 610.2281846450173 1102.4917706816732 669.0009062425167 1.3196683903774928 0.9074771537339258 2.486288109914222 2.7524896579345803 2.599254691502553 25.103712673085735 1.3189759862162866
road_beacon 0 0 -0.446223541862015 1059.0028414573658 609.7927107891134 1094.5696681893974 678.3079497574859 1.4950375583697566 0.9015953532435073 0.507192136823168 2.6442032523004646 2.5873858703652113 22.263050250903824 -0.28155555704617674
road_beacon 0 0 -0.4079620642822358 1020.1932695211744 606.4023075378174 1049.3124386929287 664.409785454807 1.4950375583697566 0.9015953532435073 0.507192136823168 1.9639901537833357 2.6801494596861266 26.14582315053256 -0.28155555704617674
road_beacon 0 0 -0.3791384863988304 978.2178518130146 604.0824483508985 1002.9278218342281 655.2734329514943 1.4950375583697566 0.9015953532435073 0.507192136823168 0.8615174179387777 2.757874100167948 29.51466875092539 -0.28155555704617674
road_beacon 0 0 -0.36445118906332846 940.089722857265 601.2178100818802 959.9418205289755 643.8693169502051 1.4950375583697566 0.9015953532435073 0.507192136823168 -0.4571859202363577 2.8933422507502558 35.25550720167098 -0.28155555704617674
road_beacon 0 0 -0.9748771810366758 170.6764825934172 671.9437239849514 352.59214419388616 1007.7644282867503 1.4950375583697566 0.9015953532435073 0.507192136823168 -3.693061859152532 2.127717155452472 5.12933263561774 -0.28155555704617674
road_beacon 0 0 -0.7535107449065008 493.5521548262954 636.90712178323 566.5537323820487 813.9361628747041 1.4950375583697566 0.9015953532435073 0.507192136823168 -4.065921297926256 2.2238059274709383 9.079304567624469 -0.28155555704617674
